Resultados obtidos usando 100 linhas do dataset e um threshold de 0.65

Initial Hidden Weights = 
[[ 0.25440813  0.02793937  0.42618078 -0.37996606  0.14438604]
 [ 0.22940935 -0.14599157 -0.1342697   0.11230431  0.36716031]
 [-0.32794875  0.14812646  0.40969442  0.1179134  -0.31650942]
 [ 0.03549614 -0.29859717 -0.3663876  -0.0177231   0.48834766]
 [-0.03587524 -0.08246389 -0.21061901 -0.0595426  -0.15752916]]
Initial Output Weights = 
[[ 0.10092468  0.06086437  0.29327078 -0.24004795  0.22211355  0.38678572]
 [-0.37145266 -0.24195247 -0.31921391  0.42542646  0.21106764 -0.05191526]
 [-0.18693516  0.01561175  0.3097546   0.31966889  0.20645103  0.03505489]
 [-0.00816279  0.15767708 -0.20933634  0.03531598 -0.04499862 -0.17047086]
 [-0.3444663  -0.10104004  0.44992159  0.40535968  0.37702633  0.20659985]]
MLP is running. Please wait...
MLP has finished running.
Final Hidden Weights = 
[[-2.15011799e+00  2.97825648e+00  2.06361407e+01 -8.62425238e+00
   4.63556234e+00]
 [-1.32696146e+00  1.28401037e+00  1.98407877e+00 -9.73122103e-01
  -5.83729424e-01]
 [-1.27541910e+00 -1.88402150e+00  1.11858359e+01 -1.41692353e-01
   4.53612892e-01]
 [ 9.49261573e+00 -9.04696303e+00 -2.01819082e-02 -2.20138130e+00
   6.23993463e-01]
 [ 1.06214388e+00 -1.69384877e+00  1.00207795e+01 -8.24331275e+00
  -4.75992184e-01]]
Final Output Weights = 
[[  5.83112897  -2.55452361 -12.84173881  -0.65526836   0.75470394
    3.7842202 ]
 [ -1.09221259  -1.44198404  -0.64406294   0.38114633  -1.94742284
   -0.44126403]
 [ -2.39218812  -2.4055115   -9.8316036   -2.97964424  -3.30339065
    4.63835118]
 [ -3.65036765   2.84849965   1.82765345  -6.26993339  -3.27687134
   -1.13558357]
 [  0.6963716    1.76847645  17.19443562  -1.21898063   4.1228056
  -12.00300163]]
Cycles = 68
Accuracy: 50.90497737556561%